/*********************************************
 * OPL 20.1.0.0 Data
 * Author: meltem
 * Creation Date: 9 Eki 2022 at 15:05:56
 *********************************************/
 
 dm=[[[35.91, 0], [52.05, 1.29], [99.3, 2.37]], 
	 [[27.1, 0], [43.44, 1.29], [87.6, 2.37]], 
	 [[27.1, 0], [43.44, 1.29], [92.33, 2.37]], 
	 [[36.95, 0], [62.32, 1.29], [115.41, 3.72]], 
	 [[31.61, 0], [43.44, 1.29], [97.04, 2.37]], 
	 [[36.95, 0], [57.8, 1.29], [103.77, 2.93]], 
	 [[27.1, 0], [43.44, 1.29], [92.33, 2.37]], 
	 [[38.73, 0], [63.45, 1.29], [120.12, 4.31]], 
	 [[27.1, 0], [43.44, 1.29], [90.01, 2.37]], 
	 [[27.1, 0], [43.44, 1.29], [91.05, 2.37]], 
	 [[31.61, 0], [43.44, 1.29], [97.04, 2.37]], 
	 [[38.73, 0.5], [64.02, 1.29], [120.12, 4.31]], 
	 [[38.73, 0], [64.02, 1.29], [120.12, 4.31]], 
	 [[35.91, 0], [52.05, 1.29], [99.3, 2.37]], 
	 [[36.95, 0], [57.8, 1.29], [111.34, 2.93]], 
	 [[43.44, 1.29], [77.29, 1.81], [127.93, 4.7]], 
	 [[52.05, 1.29], [90.01, 2.37], [170.97, 5.24]], 
	 [[52.05, 1.29], [90.01, 2.37], [182.6, 5.24]], 
	 [[27.1, 0], [43.44, 1.29], [91.05, 2.37]], 
	 [[43.44, 1.29], [69.21, 1.81], [127.93, 4.7]], 
	 [[38.73, 0], [63.45, 1.29], [120.12, 4.31]], 
	 [[43.44, 1.29], [77.29, 1.81], [147.62, 5.24]], 
	 [[57.8, 1.29], [97.04, 2.37], [205.37, 5.74]], 
	 [[36.95, 0], [52.05, 1.29], [100.95, 2.37]], 
	 [[54.31, 1.29], [91.05, 2.37], [182.6, 5.24]], 
	 [[54.31, 1.29], [92.33, 2.37], [196.47, 5.24]], 
	 [[43.44, 1.29], [77.29, 1.81], [147.62, 5.24]], 
	 [[43.44, 1.29], [68.17, 1.81], [127.93, 4.31]], 
	 [[55.96, 1.29], [97.04, 2.37], [199.25, 5.24]], 
	 [[27.1, 0], [43.44, 1.29], [90.01, 2.37]], 
	 [[43.44, 1.29], [77.29, 1.81], [149.88, 5.24]], 
	 [[36.95, 0], [52.05, 1.29], [100.95, 2.37]], 
	 [[54.31, 1.29], [92.33, 2.37], [198.12, 5.24]], 
	 [[57.8, 1.29], [97.04, 2.37], [200.86, 5.74]], 
	 [[38.73, 0], [63.45, 1.29], [120.12, 4.31]], 
	 [[31.61, 0], [43.44, 1.29], [92.33, 2.37]], 
	 [[43.44, 1.29], [77.29, 1.81], [144.93, 5.24]], 
	 [[27.1, 0], [43.44, 1.29], [84.06, 2.37]], 
	 [[43.44, 1.29], [69.21, 1.81], [127.93, 4.31]], 
	 [[43.44, 1.29], [77.29, 1.81], [149.88, 5.24]], 
	 [[27.1, 0], [43.44, 1.29], [91.05, 2.37]], 
	 [[38.73, 1.29], [64.02, 1.81], [124.7, 4.31]], 
	 [[36.95, 0], [57.8, 1.29], [103.77, 2.43]], 
	 [[52.05, 1.29], [90.01, 2.37], [173.23, 5.24]], 
	 [[54.31, 1.29], [92.33, 2.37], [198.12, 5.24]], 
	 [[36.95, 0], [54.31, 1.29], [100.95, 2.43]], 
	 [[51.01, 1.29], [84.06, 2.37], [149.88, 5.24]], 
	 [[36.95, 0], [57.8, 1.29], [115.41, 2.93]], 
	 [[36.95, 0], [52.05, 1.29], [99.3, 2.37]], 
	 [[43.44, 1.29], [70.86, 1.81], [127.93, 4.7]], 
 	[[54.31, 1.29], [92.33, 2.37], [198.12, 5.24]], 
	 [[27.1, 0], [43.44, 1.29], [90.01, 2.37]], 
	 [[31.61, 0], [43.44, 1.29], [92.33, 2.37]], 
	 [[43.44, 1.29], [77.29, 1.81], [147.62, 5.24]], 
	 [[36.95, 0], [55.96, 1.29], [102.73, 2.43]], 
	 [[52.05, 1.29], [90.01, 2.37], [170.97, 5.24]], 
	 [[38.73, 0.5], [64.02, 1.29], [120.12, 4.31]], 
	 [[43.44, 1.29], [68.17, 1.81], [127.93, 4.31]], 
	 [[36.95, 0], [57.8, 1.29], [103.77, 2.43]], 
 	 [[36.95, 0], [52.05, 1.29], [100.95, 2.37]], 
	 [[43.44, 1.29], [77.29, 1.81], [136.79, 5.24]], 
	 [[36.95, 0], [57.8, 1.29], [115.41, 2.93]], 
	 [[35.91, 0], [52.05, 1.29], [97.04, 2.37]], 
	 [[43.44, 1.29], [77.29, 1.81], [127.93, 4.7]], 
	 [[38.73, 0.5], [64.02, 1.29], [123.42, 4.31]], 
	 [[38.73, 0.5], [64.02, 1.29], [120.12, 4.31]], 
	 [[43.44, 1.29], [77.29, 1.81], [147.62, 5.24]], 
	 [[27.1, 0], [43.44, 1.29], [90.01, 2.37]], 
	 [[51.01, 1.29], [84.06, 2.37], [149.88, 5.24]], 
	 [[52.05, 1.29], [90.01, 2.37], [173.23, 5.24]], 
	 [[54.31, 1.29], [92.33, 2.37], [198.12, 5.24]], 
	 [[57.8, 1.29], [99.3, 2.37], [205.37, 5.74]], 
	 [[52.05, 1.29], [87.6, 2.37], [166.26, 5.24]], 
	 [[43.44, 1.29], [68.17, 1.81], [127.93, 4.31]], 
	 [[36.95, 0], [52.05, 1.29], [100.95, 2.37]]]; 

 ds=[[1.36, 9.844, 3.264, 6.999, 6.871, 5.951, 5.957, 7.126, 3.427, 8.208, 4.165, 4.13, 3.628, 3.187, 6.454, 9.127, 3.57, 7.339, 0.981, 4.044, 6.883, 6.753, 1.965, 5.578, 2.983, 5.551, 2.71, 2.142, 3.917, 5.909, 8.587, 1.922, 8.989, 8.757, 0.628, 1.371, 6.299, 9.299, 3.864, 6.571, 7.142, 9.589, 1.663, 3.626, 3.236, 7.694, 6.781, 1.662, 2.954, 4.089, 0.382, 3.983, 9.346, 2.278, 2.462, 9.704, 6.82, 1.898, 2.4, 2.16, 9.044, 6.179, 8.665, 8.196, 6.967, 0.055, 0.203, 9.519, 7.358, 3.198, 3.468, 4.924, 2.754, 7.921, 9.859, 9.332, 3.94, 1.819, 5.002, 2.078, 1.564, 0.128, 4.575, 7.64, 4.308, 0.175, 2.965, 3.566, 7.092, 9.086, 6.21, 9.542, 1.221, 0.708, 9.587, 7.138, 6.108, 7.262, 6.539, 9.057],
	 [8.719, 8.72, 7.57, 6.825, 6.202, 7.45, 2.429, 7.92, 1.843, 6.973, 0.787, 0.451, 9.519, 5.857, 7.537, 0.301, 3.556, 7.932, 0.766, 3.13, 2.807, 2.773, 5.906, 7.855, 6.311, 0.712, 2.974, 9.525, 0.85, 4.803, 9.496, 7.816, 9.398, 6.616, 5.407, 8.883, 5.192, 6.809, 6.854, 3.895, 1.721, 5.873, 4.1, 1.524, 2.759, 7.943, 7.179, 1.152, 9.651, 6.665, 6.593, 5.519, 8.61, 5.095, 5.098, 7.9, 2.098, 2.566, 6.736, 9.426, 7.36, 6.191, 4.936, 3.61, 7.618, 5.894, 7.929, 2.412, 0.657, 3.702, 7.33, 4.8, 6.284, 5.881, 4.008, 9.052, 3.457, 3.322, 6.857, 8.481, 8.088, 4.443, 4.968, 1.252, 1.396, 4.916, 2.412, 8.104, 8.466, 8.461, 2.54, 5.126, 8.783, 4.414, 3.892, 9.993, 7.594, 6.469, 6.742, 0.802],
	 [4.022, 7.705, 6.35, 0.821, 5.325, 9.964, 1.15, 5.869, 8.344, 0.705, 2.405, 7.567, 0.339, 5.701, 7.155, 7.82, 1.128, 3.104, 4.787, 1.503, 6.128, 4.439, 9.172, 0.345, 3.522, 7.211, 8.978, 1.459, 8.743, 9.552, 9.373, 0.375, 6.358, 8.402, 7.773, 8.572, 8.896, 8.868, 0.342, 7.285, 7.943, 2.762, 4.943, 4.714, 6.011, 2.667, 7.317, 1.962, 2.985, 0.79, 5.739, 2.172, 9.573, 1.918, 8.428, 2.142, 9.48, 7.748, 0.165, 3.088, 5.7, 8.225, 2.965, 3.501, 6.276, 0.386, 5.203, 2.475, 5.388, 2.611, 2.128, 6.131, 4.556, 1.649, 8.561, 1.623, 7.065, 5.489, 3.485, 7.554, 9.009, 6.54, 6.145, 7.036, 5.298, 6.371, 6.116, 6.872, 7.743, 7.258, 0.075, 4.577, 6.646, 2.175, 8.503, 0.977, 2.664, 1.202, 1.097, 5.168],
	 [5.008, 0.479, 4.25, 9.172, 0.937, 6.8, 5.52, 9.512, 3.894, 3.081, 6.532, 8.907, 8.473, 9.905, 1.033, 4.578, 8.201, 9.254, 0.059, 0.023, 0.735, 4.661, 5.949, 7.36, 7.554, 3.177, 0.761, 6.567, 6.432, 4.069, 9.883, 8.161, 0.985, 2.671, 4.894, 7.453, 0.566, 7.553, 7.064, 9.145, 8.2, 6.065, 6.582, 5.355, 1.924, 1.963, 1.992, 0.173, 4.376, 5.097, 5.693, 4.697, 3.999, 4.703, 4.512, 3.009, 4.08, 4.404, 3.695, 6.652, 6.924, 2.048, 3.886, 7.757, 8.275, 5.791, 4.069, 8.5, 8.916, 7.863, 3.943, 6.631, 9.605, 0.582, 8.461, 0.534, 6.209, 3.825, 3.992, 8.906, 6.847, 5.311, 4.943, 5.334, 0.308, 1.1, 2.237, 6.157, 1.792, 3.645, 5.383, 1.202, 2.304, 3.751, 8.132, 9.374, 8.437, 8.677, 0.299, 1.687],
	 [7.092, 8.814, 8.03, 1.835, 8.951, 6.847, 5.387, 4.758, 2.58, 1.752, 7.529, 7.088, 5.068, 7.785, 0.244, 6.144, 5.644, 5.833, 0.575, 9.237, 6.954, 3.642, 4.647, 3.204, 5.049, 2.015, 0.227, 2.313, 4.998, 2.793, 0.32, 9.517, 0.381, 8.019, 6.105, 5.961, 8.326, 2.292, 5.956, 9.182, 7.093, 3.662, 6.82, 9.657, 2.04, 0.891, 0.635, 4.607, 1.474, 6.122, 9.842, 6.666, 8.97, 2.203, 6.773, 1.631, 4.255, 7.476, 6.649, 9.185, 9.804, 6.089, 2.502, 5.999, 0.528, 8.825, 4.877, 6.098, 4.271, 9.131, 4.109, 8.483, 7.964, 3.308, 4.766, 5.048, 5.363, 6.22, 9.02, 0.467, 7.546, 0.259, 6.722, 1.227, 9.157, 0.907, 6.54, 3.635, 0.51, 1.101, 2.604, 3.974, 4.544, 9.971, 4.186, 8.026, 3.416, 0.584, 4.637, 3.747],
	 [3.914, 5.672, 1.294, 5.229, 1.029, 7.013, 9.532, 4.402, 4.55, 4.795, 8, 4.678, 1.328, 1.045, 0.133, 9.934, 4.313, 6.248, 5.841, 8.183, 0.019, 2.97, 4.708, 6.233, 3.395, 2.375, 6.411, 5.712, 8.378, 8.347, 1.064, 6.112, 7.762, 9.338, 7.659, 4.832, 9.616, 7.525, 4.241, 7.148, 9.722, 5.903, 5.218, 1.76, 9.991, 2.849, 4.372, 9.652, 6.55, 3.133, 8.937, 9.448, 1.069, 7.538, 5.629, 2.061, 2.412, 9.846, 7.817, 5.277, 4.321, 3.364, 0.105, 0.945, 9.671, 1.034, 4.606, 5.679, 4.219, 1.567, 1.235, 3.078, 3.014, 6.862, 3.548, 6.296, 6.092, 6.904, 9.484, 5.949, 3.64, 0.914, 6.205, 9.755, 7.856, 3.308, 5.149, 6.102, 7.678, 2.154, 8.069, 1.143, 0.457, 4.299, 0.419, 2.241, 5.327, 2.031, 1.081, 1.023],
	 [8.997, 4.709, 8.371, 9.186, 5.857, 9.297, 3.015, 1.401, 5.76, 0.344, 9.748, 6.585, 7.966, 7.726, 6.748, 6.205, 9.378, 5.717, 5.589, 7.043, 0.489, 8.171, 1.095, 4.742, 2.962, 1.879, 9.375, 9.536, 3.436, 4.545, 5.39, 5.757, 8.205, 1.832, 2.536, 5.668, 2.716, 0.037, 1.971, 7.902, 3.665, 3.578, 8.131, 6.974, 0.646, 4.779, 5.1, 8.687, 7.146, 0.373, 0.967, 0.692, 6.972, 3.25, 0.269, 2.167, 7.143, 3.814, 3.224, 8.079, 9.999, 1.287, 8.087, 6.71, 9.758, 4.327, 9.905, 0.308, 4.987, 8.223, 7.499, 1.322, 5.631, 3.627, 8.053, 5.769, 6.919, 6.115, 3.395, 3.054, 4.227, 8.5, 7.236, 2.591, 1.996, 0.539, 6.795, 5.754, 0.388, 4.406, 8.628, 0.654, 7.137, 8.266, 6.942, 5.467, 0.099, 1.681, 1.768, 9.124],
	 [7.38, 2.568, 3.089, 5.841, 9.529, 8.009, 5.458, 6.489, 6.482, 8.115, 4.207, 8.736, 0.791, 9.552, 6.972, 3.738, 3.3, 4.035, 7.228, 3.805, 5.731, 4.767, 5.173, 4.724, 3.07, 8.367, 5.174, 7.526, 0.528, 6.68, 1.146, 2.312, 5.226, 1.134, 0.859, 5.631, 8.47, 1.701, 4.585, 0.264, 1.085, 7.32, 7.685, 3.812, 9.495, 3.972, 4.356, 9.982, 8.437, 8.479, 9.809, 6.308, 7.785, 5.097, 9.751, 5.128, 4.879, 1.676, 1.443, 3.25, 8.977, 4.624, 4.279, 1.158, 5.507, 8.381, 7.443, 0.358, 5.502, 8.222, 4.11, 3.499, 4.656, 2.475, 4.062, 6.609, 6.618, 6.675, 0.459, 3.227, 7.803, 6.537, 9.728, 4.145, 6.731, 7.314, 1.299, 0.331, 2.731, 0.177, 9.807, 8.536, 1.796, 0.55, 0.467, 3.24, 1.532, 3.964, 7.87, 7.114],
	 [6.265, 8.64, 8.845, 9.445, 5.553, 4.186, 6.801, 8.278, 8.183, 5.206, 2.538, 1.749, 3.378, 6.61, 4.802, 7.772, 3.54, 5.075, 1.982, 9.04, 1.415, 4.782, 7.373, 3.849, 6.591, 5.762, 2.305, 2.002, 1.864, 9.443, 6.032, 3.899, 4.197, 0.363, 8.063, 3.788, 3.03, 5.647, 7.354, 0.889, 5.6, 2.067, 1.198, 2.432, 7.704, 7.994, 5.104, 8.933, 7.465, 0.936, 0.218, 0.245, 4.35, 6.97, 4.19, 6.883, 1.846, 9.183, 6.934, 7.916, 6.556, 0.535, 7.681, 9.193, 3.337, 4.892, 7.29, 1.646, 4.914, 8.646, 8.142, 2.069, 3.401, 0.773, 3.635, 9.053, 2.988, 3.667, 5.144, 7.65, 0.115, 4.323, 3.676, 2.147, 9.932, 8.45, 5.924, 8.219, 6, 3.028, 8.552, 0.435, 1.187, 9.281, 3.58, 9.676, 6.757, 0.804, 7.096, 4.874],
	 [1.582, 8.491, 3.051, 5.379, 1.648, 9.574, 6.468, 7.384, 7.102, 2.654, 9.596, 1.389, 6.946, 8.52, 8.614, 9.386, 8.161, 7.954, 6.646, 5.148, 0.041, 1.708, 5.474, 7.652, 6.719, 3.575, 8.229, 1.351, 0.3, 9.977, 0.431, 0.752, 6.263, 2.505, 9.381, 6.362, 7.457, 4.312, 6.153, 8.276, 0.761, 9.101, 2.87, 3.667, 1.508, 8.293, 2.172, 8.557, 4.275, 5.007, 5.928, 1.215, 5.226, 8.772, 3.986, 7.873, 5.019, 4.606, 7.097, 7.342, 5.818, 5.372, 0.97, 1.515, 5.627, 6.176, 0.238, 6.766, 6.094, 2.466, 2.174, 6.33, 0.604, 2.196, 2.583, 0.335, 6.819, 0.127, 5.05, 4.092, 7.747, 5.14, 4.328, 5.183, 8.379, 6.829, 6.807, 7.553, 4.058, 3.723, 7.995, 5.181, 6.796, 7.64, 2.237, 8.28, 7.717, 5.826, 9.706, 5.352],
	 [4.103, 5.84, 4.139, 1.715, 8.176, 5.705, 0.433, 4.318, 8.393, 7.518, 7.528, 6.724, 5.949, 3.392, 4.234, 0.56, 1.74, 0.926, 1.64, 7.127, 7.799, 2.931, 8.452, 9.141, 3.381, 8.106, 2.879, 6.06, 3.564, 4.285, 1.835, 8.752, 8.267, 4.332, 8.98, 7.198, 1.208, 8.127, 9.245, 0.244, 6.438, 4.484, 3.387, 8.702, 3.1, 0.633, 2.65, 9.823, 8.107, 0.278, 8.201, 5.26, 2.068, 0.221, 2.699, 4.245, 0.847, 8.585, 5.974, 8.525, 8.207, 1.702, 6.821, 5.179, 5.587, 0.853, 8.351, 2.482, 1.6, 9.018, 2.754, 1.38, 1.851, 8.453, 5.149, 0.67, 9.927, 5.164, 7.185, 8.282, 5.507, 3.131, 2.826, 7.276, 1.654, 1.173, 3.121, 7.664, 8.263, 8.145, 1.919, 6.385, 1.217, 5.513, 5.195, 4.407, 8.296, 6.029, 7.814, 1.106],
	 [6.527, 3.037, 3.173, 8.882, 5.558, 0.801, 2.69, 6.506, 8.53, 6.005, 7.192, 6.866, 8.366, 3.873, 9.934, 1.241, 9.279, 8.361, 8.432, 7.76, 9.751, 4.263, 1.699, 6.991, 2.253, 8.626, 8.231, 9.142, 4.396, 0.901, 8.705, 0.183, 9.142, 6.516, 1.921, 9.242, 8.107, 3.867, 4.796, 9.992, 5.451, 7.703, 1.306, 4.051, 5.874, 9.184, 0.789, 1.836, 7.812, 7.124, 1.079, 8, 4.906, 5.625, 5.923, 0.018, 1.069, 3.785, 2.877, 9.129, 0.624, 0.4, 7.973, 5.828, 2.088, 1.225, 1.505, 1.585, 5.021, 1.392, 0.337, 0.482, 0.628, 0.688, 0.614, 6.296, 8.241, 6.253, 7.867, 3.644, 6.863, 8.78, 6.706, 5.091, 9.238, 1.814, 3.563, 9.763, 6.105, 9.805, 4.084, 6.688, 4.358, 8.428, 9.293, 4.641, 2.737, 9.474, 5.557, 8.693],
	 [9.889, 9.775, 0.453, 6.279, 7.457, 3.495, 2.698, 8.345, 6.817, 5.632, 2.058, 9.593, 3.593, 0.772, 6.517, 9.955, 1.88, 0.719, 5.327, 8.156, 6.492, 1.123, 4.104, 0.426, 5.639, 1.612, 2.249, 5.278, 7.817, 0.934, 8.261, 5.674, 2.524, 7.33, 2.18, 4.838, 2.687, 7.983, 7.515, 3.675, 2.498, 3.105, 6.444, 6.021, 7.373, 2.359, 2.476, 7.802, 6.715, 2.132, 5.967, 9.43, 5.536, 5.843, 9.847, 7.165, 4.339, 2.603, 3.813, 3.607, 1.183, 2.433, 0.715, 5.429, 2.714, 8.015, 4.516, 2.529, 8.049, 6.793, 9.72, 6.437, 3.154, 0.133, 0.999, 8.627, 8.503, 7.077, 6.424, 9.886, 0.623, 2.658, 0.741, 7.277, 0.128, 7.301, 1.165, 1.448, 5.775, 9.4, 9.418, 4.83, 7.785, 6.163, 3.2, 7.285, 6.562, 0.491, 7.873, 5.66],
	 [6.528, 4.314, 4.815, 0.01, 4.87, 3.577, 3.735, 7.521, 6.4, 3.534, 7.283, 7.193, 9.636, 7.344, 1.172, 4.57, 7.179, 6.839, 6.244, 7.286, 6.878, 2.24, 6.391, 5.387, 1.676, 8.11, 1.506, 3.747, 3.939, 2.386, 6.393, 7.246, 9.08, 9.174, 3.361, 1.14, 6.227, 6.011, 9.482, 0.112, 8.648, 2.47, 0.166, 3.875, 1.3, 0.994, 5.559, 7.96, 7.51, 4.875, 4.976, 9.199, 6.814, 7.184, 2.618, 1.663, 2.745, 9.861, 9.61, 0.889, 4.883, 3.649, 1.92, 1.041, 1.205, 2.093, 0.404, 2.218, 6.529, 5.818, 4.949, 8.609, 8.188, 1.287, 7.885, 6.869, 1.36, 0.543, 4.943, 7.821, 7.761, 9.712, 7.871, 6.852, 1.374, 9.182, 1.135, 8.464, 9.527, 2.054, 7.856, 4.406, 7.926, 2.658, 4.037, 2.68, 1.972, 2.995, 9.964, 0.845],
	 [8.938, 0.207, 2.062, 1.09, 7.228, 6.285, 2.921, 1.634, 3.596, 2.901, 9.983, 1.887, 0.425, 0.348, 1.154, 6.515, 1.975, 2.978, 0.613, 1.483, 5.887, 6.089, 5.231, 7.114, 7.338, 4.831, 6.695, 6.636, 8.878, 5.031, 1.465, 7.431, 5.53, 7.3, 1.152, 4.039, 6.486, 2.941, 2.844, 7.978, 7.967, 8.766, 2.232, 2.694, 2.237, 1.83, 1.305, 6.135, 3.802, 1.372, 5.107, 6.875, 4.732, 1.246, 1.22, 7.857, 8.524, 7.988, 4.472, 0.219, 2.136, 9.264, 1.275, 6.26, 7.867, 8.097, 4.543, 3.689, 5.388, 4.878, 5.038, 9.435, 2.019, 9.445, 4.841, 0.505, 1.634, 7.283, 1.09, 8.585, 1.712, 4.892, 8.608, 3.929, 7.116, 4.033, 8.995, 9.391, 7.716, 2.822, 9.478, 1.441, 8.853, 8.056, 9.149, 7.674, 4.548, 5.587, 1.082, 2.133],
	 [2.052, 5.389, 3.939, 2.79, 6.915, 0.283, 0.873, 6.43, 4.068, 7.531, 8.676, 7.681, 4.061, 9.291, 8.204, 2.007, 6.236, 3.048, 7.963, 6.715, 9.21, 7.227, 8.912, 4.061, 4.721, 7.361, 0.739, 3.545, 4.161, 2.271, 0.466, 0.777, 2.113, 0.279, 7.664, 6.929, 5.45, 4.22, 2.112, 8.531, 2.874, 4.499, 6.951, 2.441, 5.229, 8.367, 1.543, 7.67, 0.395, 2.751, 9.281, 2.229, 7.923, 1.578, 5.017, 4.217, 6.104, 2.363, 1.28, 7.294, 9.319, 2.622, 7.822, 8.087, 8.885, 1.278, 7.621, 6.108, 2.207, 4.275, 8.708, 4.649, 5.756, 1.24, 4.65, 5.008, 0.594, 5.665, 0.993, 8.921, 6.316, 5.603, 5.722, 0.453, 6.853, 1.095, 8.772, 0.98, 3.977, 3.453, 9.191, 6.468, 1.364, 8.19, 1.618, 9.818, 6.463, 5.246, 6.769, 0.606],
	 [8.036, 0.757, 8.052, 5.506, 8.354, 9.029, 3.503, 9.701, 0.103, 7.821, 2.848, 10, 1.954, 4.896, 4.79, 0.491, 3.887, 7.067, 5.357, 4.206, 5.142, 3.568, 0.43, 2.224, 4.227, 9.605, 7.531, 7.345, 1.554, 3.577, 7.715, 4.945, 8.63, 7.344, 5.093, 2.435, 0.015, 7.066, 7.339, 1.024, 7.441, 1.533, 1.896, 9.182, 4.241, 8.885, 5.189, 3.916, 0.273, 7.976, 0.123, 1.911, 5.944, 7.198, 0.325, 9.894, 8.374, 2.914, 0.803, 9.073, 0.598, 4.891, 9.999, 5.533, 9.529, 6.24, 3.485, 2.234, 3.541, 0.275, 8.705, 3.083, 7.963, 9.303, 4.609, 6.438, 3.544, 2.287, 5.365, 1.315, 4.802, 7.454, 1.892, 8.197, 0.197, 3.055, 6.107, 2.631, 0.896, 0.794, 1.557, 6.218, 2.436, 8.297, 7.512, 9.649, 6.094, 5.789, 0.688, 2.466],
	 [8.507, 5.367, 5.366, 3.733, 5.146, 3.021, 6.959, 9.174, 5.089, 6.141, 8.673, 2.216, 4.368, 0.487, 5.05, 2.49, 7.122, 3.523, 8.233, 3.612, 9.55, 3.187, 2.03, 8.285, 3.817, 2.352, 3.397, 5.689, 7.967, 4.24, 1.425, 9.618, 7.178, 8.882, 7.483, 8.172, 4.502, 8.554, 6.213, 5.94, 0.566, 3.744, 7.812, 6.505, 9.915, 0.729, 3.143, 2.869, 7.638, 3.336, 0.217, 5.945, 8.053, 8.591, 8.481, 5.298, 1.143, 1.066, 0.289, 5.125, 1.201, 7.253, 7.07, 2.574, 2.051, 5.572, 2.199, 6.556, 2.128, 8.8, 2.961, 3.646, 4.402, 5.28, 0.653, 3.885, 2.037, 5.186, 9.38, 5.839, 0.049, 3.177, 0.29, 2.107, 4.49, 6.159, 2.787, 2.981, 7.131, 0.568, 6.424, 1.708, 4.251, 2.051, 8.144, 8.962, 8.756, 2.475, 1.547, 0.303],
	 [4.783, 0.416, 8.496, 9.449, 7.159, 9.437, 2.864, 9.271, 4.388, 9.434, 7.203, 6.594, 1.698, 6.666, 9.324, 4.171, 8.499, 1.14, 5.225, 5.48, 4.974, 8.339, 9.809, 5.978, 6.166, 8.194, 5.814, 9.692, 8.395, 1.335, 3.823, 9.889, 2.149, 7.318, 4.222, 6.288, 4.077, 6.023, 0.347, 2.306, 0.128, 2.103, 5.035, 2.756, 0.968, 5.572, 2.324, 0.946, 2.808, 4.659, 9.504, 4.265, 9.154, 2.418, 3.546, 1.59, 4.364, 5.416, 9.017, 9.341, 4.877, 7.466, 5.462, 7.572, 2.983, 7.026, 9.985, 9.212, 8.027, 3.179, 7.458, 6.525, 1.885, 6.299, 5.97, 2.856, 3.283, 3.442, 8.813, 7.621, 9.092, 6.244, 9.33, 0.461, 5.257, 9.968, 0.513, 9.184, 6.595, 8.244, 3.266, 3.947, 0.386, 2.816, 3.012, 3.892, 1.469, 2.699, 0.189, 6.988],
	 [5.799, 7.519, 4.289, 8.719, 2.213, 1.659, 2.79, 3.593, 5.28, 2.795, 1.723, 9.885, 3.064, 2.563, 1.264, 3.374, 0.653, 3.18, 9.827, 0.954, 2.508, 9.11, 6.078, 5.668, 0.689, 8.974, 0.56, 3.988, 2.914, 0.954, 9.21, 1.83, 5.328, 1.723, 7.639, 6.046, 9.257, 7.881, 5.994, 5.992, 7.885, 8.536, 0.121, 5.404, 2.547, 4.616, 9.453, 2.44, 1.276, 8.686, 5.187, 7.98, 1.437, 4.327, 0.17, 5.154, 6.17, 4.453, 8.126, 7.739, 7.569, 3.159, 6.094, 8.409, 2.797, 4.341, 9.58, 5.456, 4.572, 8.101, 6.414, 9.732, 8.292, 5.219, 3.086, 9.949, 0.874, 7.827, 0.608, 5.811, 0.569, 4.424, 0.375, 4.082, 2.396, 9.182, 2.536, 1.647, 6.823, 4.123, 3.155, 6.004, 6.611, 7.859, 7.715, 2.215, 7.966, 2.468, 2.366, 4.153],
	 [6.836, 3.429, 0.927, 4.872, 7.137, 9.328, 0.639, 5.332, 6.296, 3.551, 4.249, 5.899, 9.948, 6.642, 2.842, 0.386, 2.19, 4.026, 8.927, 4.679, 3.241, 9.242, 8.213, 8.529, 4.246, 1.712, 9.247, 5.929, 1.322, 4.934, 7.101, 3.256, 7.841, 7.759, 6.033, 2.295, 3.214, 4.817, 0.154, 2.062, 2.782, 3.144, 5.944, 9.517, 5.003, 1.38, 4.208, 9.607, 2.101, 3.121, 4.522, 5.239, 4.13, 5.944, 3.164, 0.627, 7.639, 6.087, 5.916, 3.86, 6.725, 7.45, 4.319, 7.898, 8.384, 2.6, 2.249, 0.343, 5.774, 6.631, 1.737, 2.544, 1.154, 6.536, 6.926, 4.384, 2.481, 9.965, 9.373, 5.851, 3.136, 3.39, 3.72, 9.037, 0.127, 5.124, 6.064, 5.436, 5.59, 8.964, 2.619, 6.065, 8.032, 8.081, 2.817, 6.749, 3.056, 3.102, 1.395, 9.032],
	 [4.464, 1.519, 1.954, 0.709, 2.346, 9.786, 1.316, 0.148, 6.725, 7.746, 1.808, 7.133, 0.945, 7.259, 9.847, 3.901, 6.712, 3.905, 5.906, 5.678, 8.079, 5.879, 1.107, 9.335, 8.707, 6.078, 8.326, 1.11, 8.206, 3.429, 6.779, 9.064, 5.066, 4.559, 9.752, 1.204, 2.785, 7.689, 6.915, 2.391, 7.872, 7.606, 0.568, 4.467, 1.666, 1.317, 0.524, 2.098, 0.324, 8.111, 1.327, 0.068, 5.381, 9.224, 4.488, 3.407, 0.649, 0.25, 1.879, 4.642, 7.574, 0.382, 2.931, 3.382, 5.662, 4.789, 5.784, 1.902, 4.818, 6.568, 4.459, 3.966, 2.976, 0.412, 1.396, 7.538, 2.627, 6.011, 5.686, 9.672, 2.058, 1.37, 2.756, 1.364, 2.986, 1.306, 7.658, 9.89, 8.969, 5.747, 4.221, 4.622, 4.411, 4.254, 9.661, 7.19, 7.804, 5.855, 3.167, 9.782],
	 [7.818, 7.651, 4.284, 5.506, 1.796, 5.395, 1.441, 7.9, 6.701, 0.016, 7.159, 2.741, 1.553, 5.872, 5.691, 6.759, 1.525, 2.672, 7.474, 9.748, 8.149, 0.328, 2.276, 4.873, 4.605, 9.978, 5.583, 4.797, 4.441, 3.017, 9.011, 8.358, 4.34, 1.725, 4.145, 8.746, 0.504, 2.044, 6.487, 3.311, 7.314, 9.206, 5.527, 2.107, 9.221, 5.194, 9.258, 9.339, 7.486, 2.464, 0.931, 6.265, 2.704, 4.732, 7.195, 8.727, 5.861, 8.182, 7.587, 1.638, 3.057, 2.573, 5.692, 1.93, 3.646, 9.529, 7.706, 4.221, 2.122, 0.785, 8.415, 6.741, 0.007, 9.648, 1.863, 5.782, 2.955, 8.979, 2.092, 0.136, 1.794, 8.692, 6.882, 2.318, 2.924, 6.35, 8.645, 5.545, 9.286, 0.385, 0.897, 6.015, 6.656, 7.616, 7.316, 1.64, 6.865, 7.85, 8.554, 6.805],
	 [4.713, 6.073, 1.65, 8.815, 5.233, 9.668, 1.684, 7.22, 4.458, 0.915, 5.452, 3.465, 3.934, 5.558, 4.891, 3.483, 1.549, 9.67, 0.113, 8.873, 7.536, 6.366, 0.573, 8.178, 0.716, 5.598, 2.38, 0.574, 7.82, 6.447, 4.693, 0.121, 9.702, 1.202, 0.851, 9.901, 1.305, 5.875, 2.464, 6.947, 3.707, 5.467, 6.448, 1.831, 5.352, 6.139, 0.439, 2.475, 2.051, 4.324, 8.444, 0.019, 4.499, 5.248, 6.255, 7.384, 6.692, 4.549, 1.441, 8.742, 6.858, 4.43, 3.381, 6.288, 5.241, 3.24, 2.593, 6.711, 0.765, 4.012, 0.915, 9.435, 3.129, 9.846, 8.826, 0.381, 3.368, 1.933, 9.901, 4.858, 6.494, 9.572, 0.976, 4.926, 1.767, 3.672, 7.163, 1.6, 9.723, 7.782, 5.322, 4.284, 9.555, 1.122, 5.798, 7.585, 9.225, 5.279, 8.191, 8.953],
	 [4.24, 6.513, 3.327, 7.938, 2.535, 7.955, 0.332, 7.599, 9.096, 2.41, 0.664, 0.786, 7.811, 6.334, 9.502, 0.939, 2.898, 9.31, 8.153, 6.604, 8.399, 5.531, 8.863, 1.569, 6.833, 9.152, 1.162, 5.006, 3.461, 1.585, 5.134, 7.515, 0.582, 9.633, 0.663, 4.201, 7.332, 4.803, 4.437, 0.276, 3.774, 2.216, 3.324, 4.131, 2.169, 4.974, 6.45, 2.307, 5.347, 4.829, 0.378, 0.831, 0.634, 7.105, 2.492, 3.767, 8.656, 9.712, 2.282, 9.587, 2.677, 5.551, 3.177, 3.579, 7.863, 4.249, 7.017, 7.019, 5.596, 9.13, 4.794, 3.774, 1.971, 9.072, 7.358, 3.054, 6.28, 6.458, 3.32, 7.432, 0.662, 2.582, 9.563, 2.417, 6.23, 5.772, 3.367, 6.42, 0.26, 1.474, 2.796, 1.323, 0.08, 7.679, 9.771, 5.105, 1.312, 8.066, 0.559, 6.786],
	 [0.559, 8.606, 2.218, 5.975, 1.151, 8.868, 7.944, 7.793, 6.519, 9.724, 8.941, 4.593, 0.805, 5.31, 7.689, 5.313, 6.049, 0.666, 0.916, 2.269, 0.664, 3.08, 7.422, 8.668, 2.356, 4.062, 7.005, 7.878, 5.016, 9.442, 5.248, 4.81, 9.305, 7.713, 8.149, 6.834, 0.524, 8.347, 2.879, 3.324, 0.343, 4.168, 3.101, 5.123, 8.338, 3.852, 8.894, 1.369, 2.195, 8.753, 9.116, 9.947, 2.729, 0.762, 1.021, 2.392, 3.43, 7.427, 7.978, 2.41, 2.915, 5.106, 7.811, 0.744, 8.237, 4.302, 8.663, 1.348, 7.912, 1.115, 4.589, 1.657, 7.967, 1.518, 5.484, 1.246, 2.125, 6.42, 0.715, 8.703, 5.621, 3.302, 5.984, 0.978, 3.689, 6.924, 5.375, 7.277, 1.029, 4.262, 7.005, 3.119, 9.961, 1.223, 5.63, 0.915, 5.927, 8.855, 3.603, 5.328],
	 [5.845, 3.787, 5.592, 8.31, 6.611, 3.799, 5.524, 6.905, 5.023, 0.704, 9.797, 4.234, 1.153, 2.503, 4.657, 4.987, 3.157, 9.005, 9.167, 8.098, 8.035, 1.025, 3.762, 6.902, 4.904, 1.944, 7.261, 3.763, 7.443, 3.197, 3.344, 7.15, 1.194, 9.943, 6.264, 2.651, 0.333, 4.852, 1.05, 6.917, 4.189, 2.855, 1.826, 9.218, 2.143, 1.01, 9.258, 7.189, 2.099, 0.249, 9.559, 1.448, 5.003, 2.299, 8.285, 3.422, 4.507, 2.9, 5.203, 5.324, 5.397, 5.768, 7.788, 9.811, 0.365, 2.897, 0.415, 1.427, 1.04, 7.858, 3.454, 4.843, 2.568, 1.176, 2.746, 0.957, 8.433, 0.816, 3.961, 8.486, 4.86, 0.914, 1.568, 7.741, 3.499, 2.701, 1.185, 1.169, 2.779, 1.977, 8.812, 4.373, 5.534, 9.819, 3.276, 5.839, 0.197, 6.789, 6.257, 9.049],
	 [0.777, 6.797, 2.945, 7.914, 1.175, 1.226, 1.112, 6.226, 4.863, 3.009, 8.388, 0.628, 1.918, 9.508, 4.979, 7.938, 4.863, 8.523, 5.944, 1.473, 3.778, 0.571, 3.528, 2.461, 4.042, 7.991, 9.885, 2.196, 0.013, 5.44, 3.496, 9.771, 8.484, 4.693, 1.408, 7.846, 8.787, 9.363, 4.885, 9.682, 9.767, 9.666, 7.136, 7.866, 1.533, 3.299, 7.289, 4.576, 6.827, 7.785, 6.984, 6.71, 4.491, 6.66, 6.062, 7.075, 3.096, 2.982, 0.706, 7.37, 3.453, 9.25, 6.626, 6.202, 4.878, 8.799, 8.814, 2.127, 2.525, 3.317, 6.213, 9.191, 3.025, 7.456, 9.467, 9.287, 8.099, 3.215, 5.278, 8.625, 5.995, 4.643, 4.278, 8.707, 5.243, 9.082, 5.787, 6.549, 8.023, 7.357, 3.239, 3.024, 1.298, 8.078, 2.841, 3.236, 6.298, 4.001, 8.413, 9.55],
	 [6.023, 1.175, 4.612, 2.352, 3.764, 7.928, 5.408, 0.884, 7.858, 9.811, 9.775, 5.758, 9.943, 4.097, 0.284, 1.163, 2.923, 5.205, 4.193, 6.604, 0.42, 0.725, 1.998, 4.196, 3.666, 7.226, 8.588, 3.919, 0.374, 1.257, 7.018, 1.191, 4.73, 1.116, 3.267, 3.44, 6.592, 2.421, 1.352, 8.671, 0.458, 2.06, 2.496, 2.252, 2.408, 2.387, 6.549, 0.221, 5.121, 8.754, 9.003, 5.08, 2.083, 3.79, 6.73, 6.381, 7.75, 1.526, 5.867, 9.75, 9.993, 0.083, 9.832, 6.807, 8.102, 1.335, 5.858, 7.484, 7.007, 6.516, 1.761, 3.632, 4.13, 7.38, 8.921, 2.58, 1.507, 9.363, 2.667, 8.726, 1.388, 4.597, 8.358, 1.496, 6.499, 2.151, 0.634, 4.135, 8.138, 4.19, 2.854, 7.223, 3.147, 3.758, 4.79, 7.56, 3.493, 7.677, 1.589, 1.009],
	 [9.627, 5.636, 2.386, 8.788, 1.916, 1.178, 6.788, 4.163, 7.953, 3.799, 2.385, 8.789, 5.945, 4.841, 6.503, 5.025, 9.199, 7.47, 3.186, 6.471, 2.994, 8.362, 7.121, 9.584, 3.98, 0.946, 2.148, 6.49, 0.691, 0.397, 8.62, 7.455, 1.46, 1.72, 9.67, 6.971, 4.288, 3.232, 9.905, 6.286, 1.68, 0.717, 3.449, 8.819, 5.633, 7.015, 8.194, 3.723, 6.537, 4.909, 5.548, 2.99, 9.6, 6.641, 8.213, 6.311, 0.383, 6.59, 3.685, 1.661, 7.732, 9.955, 6.317, 4.191, 9.181, 3.012, 9.581, 3.739, 1.863, 5.622, 1.558, 9.531, 7.079, 6.772, 6.135, 4.349, 1.474, 9.036, 1.859, 0.813, 3.314, 8.333, 0.162, 1.737, 0.536, 8.831, 9.052, 2.673, 5.024, 9.405, 2.651, 3.135, 3.554, 8.095, 5.611, 0.37, 1.911, 7.455, 4.306, 7.456],
	 [4.383, 4.594, 0.703, 3.902, 2.116, 7.349, 9.172, 6.975, 8.382, 2.553, 7.301, 1.628, 5.205, 8.926, 7.396, 3.839, 4.885, 2.959, 9.439, 2.122, 5.4, 8.551, 3.492, 4.773, 5.48, 9.149, 7.497, 3.161, 8.162, 8.475, 7.161, 3.676, 0.368, 0.716, 3.793, 9.183, 8.157, 2.91, 9.067, 2.535, 6.396, 6.754, 5.84, 2.309, 8.127, 4.269, 1.246, 4.996, 0.818, 8.976, 0.443, 0.82, 0.687, 3.443, 5.366, 1.188, 8.387, 0.124, 6.282, 3.141, 2.289, 7.335, 1.609, 7.895, 9.585, 9.746, 1.927, 4.911, 3.611, 8.857, 9.495, 5.265, 0.101, 8.692, 1.435, 6.201, 7.356, 2.184, 4.926, 9.764, 9.53, 0.667, 9.476, 3.89, 0.405, 2.605, 9.553, 3.082, 4.44, 6.569, 1.047, 3.39, 9.498, 9.132, 5.91, 4.241, 3.668, 2.738, 0.498, 0.739],
	 [6.326, 9.031, 8.837, 2.276, 2.057, 7.499, 8.763, 6.399, 1.653, 4.744, 4.586, 3.229, 7.167, 5.354, 8.924, 8.212, 2.151, 8.952, 3.189, 0.193, 0.978, 8.771, 0.48, 2.152, 5.518, 4.719, 2.465, 6.093, 3.295, 0.847, 1.248, 1.529, 5.48, 9.944, 1.53, 7.557, 4.419, 4.932, 8.415, 3.239, 7.856, 1.164, 6.372, 7.371, 1.98, 0.126, 9.736, 1.01, 5.705, 6.743, 5.285, 6.332, 1.728, 5.141, 4.172, 1.395, 5.196, 1.811, 0.939, 4.033, 7.86, 8.698, 7.37, 5.793, 3.689, 0.728, 9.239, 9.77, 4.25, 4.287, 8.053, 5.131, 3.531, 7.383, 9.433, 7.427, 8.212, 7.608, 0.585, 6.76, 7.792, 1.406, 4.177, 6.801, 2.753, 0.32, 3.013, 1.662, 5.443, 1.704, 4.956, 8.949, 0.01, 2.526, 3.82, 2.871, 1.219, 4.002, 4.789, 5.514],
	 [2.158, 4.922, 3.829, 0.676, 3.215, 4.117, 2.38, 8.16, 6.796, 6.523, 3.641, 0.755, 9.499, 4.458, 4.884, 1.329, 9.252, 4.342, 2.518, 1.222, 8.322, 6.859, 7.009, 2.115, 8.512, 9.66, 7.781, 8.479, 4.851, 1.112, 0.284, 7.079, 7.149, 1.165, 5.762, 3.232, 5.685, 7.904, 1.899, 4.008, 5.23, 2.462, 9.769, 4.831, 4.708, 8.417, 1.483, 8.583, 1.271, 7.492, 1.876, 4.02, 0.048, 0.515, 2.648, 1.807, 8.571, 5.17, 4.855, 0.989, 0.536, 7.657, 6.167, 9.58, 9.837, 0.11, 2.876, 8.615, 5.403, 7.543, 5.185, 1.462, 5.304, 1.372, 0.988, 1.18, 9.051, 8.804, 3.78, 7.615, 6.102, 7.435, 4.375, 9.489, 4.204, 1.798, 7.486, 1.738, 2.583, 6.996, 1.324, 1.783, 4.712, 2.158, 2.773, 7.323, 8.715, 2.034, 5.792, 4.388],
	 [5.146, 3.409, 5.718, 2.348, 1.605, 8.675, 5.06, 0.406, 3.13, 0.588, 4.294, 1.482, 3.925, 6.544, 1.924, 4.348, 3.754, 3.388, 9.69, 3.071, 4.616, 0.816, 2.42, 4.742, 1.326, 1.16, 5.477, 3.891, 9.366, 0.43, 2.799, 5.328, 7.641, 4, 4.769, 4.777, 6.475, 7.757, 0.607, 5.484, 6.731, 1.291, 0.191, 2.501, 0.856, 9.171, 9.539, 3.86, 8.915, 5.081, 2.001, 3.53, 7.103, 7.255, 8.077, 6.22, 0.759, 0.453, 2.068, 8.992, 3.367, 7.863, 6.48, 2.255, 9.295, 0.373, 0.592, 0.848, 7.462, 6.991, 4.253, 6.139, 2.158, 1.995, 9.066, 5.461, 0.676, 0.409, 0.148, 0.107, 0.914, 0.712, 8.404, 9.27, 0.061, 0.084, 4.7, 3.093, 4.519, 2.917, 3.292, 2.08, 1.087, 8.359, 6.362, 5.272, 0.156, 7.979, 4.352, 2.85],
	 [6.633, 6.383, 7.063, 4.548, 1.129, 9.769, 9.665, 8.106, 7.452, 4.329, 4.39, 2.306, 0.161, 4.592, 0.809, 9.268, 6.768, 8.696, 3.756, 4.072, 0.018, 1.153, 8.576, 4.339, 5.212, 2.681, 5.656, 7.691, 9.333, 7.027, 9.37, 5.634, 2.594, 5.02, 3.555, 3.466, 7.174, 4.833, 6.746, 7.523, 0.804, 3.257, 9.153, 0.54, 4.409, 3.494, 1.121, 6.983, 8.044, 4.655, 9.063, 8.441, 5.514, 5.563, 8.36, 8.932, 7.44, 2.533, 7.575, 3.36, 6.467, 0.437, 7.068, 1.16, 1.468, 7.066, 7.105, 1.784, 4.851, 3.706, 6.371, 5.786, 7.811, 5.019, 8.112, 7.947, 0.687, 1.48, 5.764, 1.445, 4.14, 4.203, 1.707, 9.416, 7.12, 5.524, 7.151, 1.45, 5.617, 0.997, 9.776, 2.799, 1.444, 6.744, 6.822, 5, 6.816, 8.602, 8.912, 8.806],
	 [4.634, 8.482, 3.705, 3.309, 7.31, 6.999, 8.854, 8.41, 7.867, 1.743, 5.46, 2.847, 7.054, 1.534, 3.959, 0.273, 4.736, 8.954, 2.401, 1.488, 7.563, 7.558, 2.852, 9.798, 0.847, 9.58, 1.844, 4.745, 5.821, 0.628, 9.26, 5.076, 0.05, 6.414, 2.317, 0.485, 4.655, 9.64, 3.169, 6.151, 3.61, 5.093, 0.734, 9.305, 9.393, 8.984, 5.711, 1.859, 2.143, 6.114, 0.301, 7.451, 4.886, 7.31, 5.149, 6.143, 9.108, 3.542, 3.677, 4.324, 8.639, 5.277, 2.105, 8.287, 2.371, 4.043, 5.912, 3.9, 1.722, 7.04, 5.429, 1.117, 0.5, 2.164, 6.957, 4.655, 2.695, 6.068, 8.711, 2.697, 4.337, 4.08, 6.586, 7.045, 7.086, 5.927, 1.722, 3.75, 6.341, 1.758, 3.412, 2.636, 5.76, 5.435, 2.103, 1.245, 8.705, 1.566, 1.333, 1.684],
	 [6.314, 7.849, 8.606, 9.27, 5.361, 3.644, 0.288, 5.294, 1.521, 9.146, 0.61, 5.209, 4.002, 2.9, 0.386, 1.041, 5.708, 5.151, 4.601, 2.284, 4.234, 6.689, 1.96, 5.872, 4.357, 4.5, 4.785, 4.303, 1.971, 5.966, 6.815, 0.84, 8.408, 9.507, 5.367, 2.44, 0.971, 3.655, 8.558, 1.186, 6.872, 9.842, 8.477, 2.018, 2.899, 8.674, 2.002, 7.206, 7.941, 8.253, 8.84, 7.617, 7.337, 2.727, 2.947, 8.134, 2.41, 6.671, 3.264, 7.121, 9.169, 9.001, 1.822, 1.751, 4.915, 3.803, 4.57, 9.244, 9.258, 0.647, 3.302, 1.668, 6.944, 4.594, 3.909, 7.097, 3.319, 8.049, 6.409, 6.63, 6.003, 3.705, 8.954, 7.109, 2.001, 1.963, 3.469, 8.911, 9.23, 7.632, 2.444, 4.354, 2.065, 5.353, 0.189, 5.933, 6.261, 4.143, 6.322, 5.962],
	 [3.166, 4.975, 4.79, 0.45, 9.901, 3.152, 4.775, 8.45, 5.064, 4.664, 4.529, 8.972, 2.396, 3.15, 2.627, 8.302, 2.499, 8.856, 8.844, 0.993, 9.571, 2.045, 5.913, 8.365, 1.366, 3.768, 0.633, 7.691, 1.895, 0.953, 9.027, 9.345, 4.895, 5.39, 3.101, 0.817, 0.958, 6.38, 0.157, 3.596, 8.177, 7.184, 9.562, 0.157, 8.446, 1.047, 1.701, 1.779, 5.182, 2.934, 5.623, 2.024, 0.746, 3.893, 5.325, 5.269, 4.667, 6.191, 7.906, 0.947, 8.13, 4.31, 9.458, 4.446, 8.36, 7.16, 1.872, 5.308, 0.352, 2.251, 8.63, 3.423, 3.98, 9.433, 3.576, 5.201, 8.174, 1.378, 0.48, 2.973, 2.362, 3.264, 0.315, 5.802, 2.028, 2.603, 5.318, 9.155, 3.897, 5.873, 6.953, 5.861, 7.603, 4.206, 7.371, 7.918, 6.922, 7.211, 8.814, 9.59],
	 [8.085, 7.298, 6.449, 2.702, 3.083, 7.95, 2.32, 4.954, 8.546, 9.113, 7.657, 1.859, 1.868, 3.638, 6.09, 7.301, 9.406, 5.85, 9.676, 7.08, 4.887, 5.8, 2.89, 5.876, 5.07, 7.74, 9.8, 0.4, 7.82, 5.252, 9.642, 2.121, 4.081, 7.413, 0.117, 3.233, 6.284, 7.008, 4.787, 6.887, 9.214, 4.459, 9.221, 9.791, 6.331, 7.676, 5.057, 1.44, 0.159, 4.152, 0.021, 4.508, 4.031, 3.819, 5.211, 6.88, 0.823, 8.45, 9.575, 0.576, 9.632, 1.667, 1.638, 0.8, 1.169, 1.235, 6.392, 8.419, 5.883, 1.765, 0.159, 7.152, 7.279, 2.945, 7.374, 1.495, 2.115, 7.212, 0.852, 5.743, 7.897, 7.033, 5.783, 2.443, 2.768, 2.106, 7.006, 2.661, 0.522, 3.495, 2.483, 2.881, 3.716, 4.671, 2.877, 8.441, 8.951, 3.771, 4.498, 8.507],
	 [6.521, 6.662, 4.126, 6.293, 0.005, 8.361, 6.263, 6.902, 8.546, 3.079, 5.782, 1.929, 3.718, 7.322, 6.856, 5.405, 0.774, 6.904, 9.119, 3.927, 3.51, 0.974, 1.039, 1.874, 7.716, 4.471, 1.211, 8.744, 9.652, 0.54, 9.239, 8.13, 3.803, 2.879, 5.684, 7.233, 6.658, 0.725, 2.16, 5.132, 0.179, 6.221, 1.015, 2.364, 2.139, 5.781, 7.653, 1.218, 0.882, 3.463, 4.582, 4.841, 6.599, 4.403, 2.819, 6.62, 6.785, 7.038, 4.27, 4.866, 9.213, 7.818, 8.998, 3.251, 6.825, 5.03, 8.626, 4.636, 0.684, 7.172, 1.123, 0.573, 3.559, 1.486, 1.125, 2.494, 3.89, 7.806, 6.088, 0.847, 2.013, 6.445, 7.332, 8.571, 7.493, 7.401, 9.49, 9.19, 1.146, 1.223, 5.935, 4.646, 5.636, 7.662, 2.505, 4.373, 1.736, 2.194, 0.439, 6.153],
	 [5.738, 7.073, 0.253, 2.289, 4.91, 7.595, 1.215, 4.288, 2.45, 5.555, 6.101, 3.998, 6.817, 7.707, 3.707, 6.793, 9.851, 0.797, 0.404, 7.278, 7.445, 1.827, 7.387, 2.116, 0.655, 2.162, 8.95, 6.514, 8.929, 2.279, 8.193, 4.313, 5.844, 6.552, 6.285, 5.204, 2.884, 8.099, 2.171, 6.25, 6.367, 9.79, 8.731, 0.189, 4.481, 8.034, 6.448, 4.557, 8.397, 8.259, 8.796, 5.943, 4.584, 2.965, 4.825, 9.651, 0.388, 3.311, 8.08, 7.433, 3.136, 1.646, 4.512, 0.047, 4.338, 7.689, 7.816, 2.515, 9.106, 8.542, 6.741, 2.574, 8.365, 2.5, 9.733, 8.314, 2.577, 4.791, 0.643, 2.259, 1.985, 5.587, 0.795, 1.361, 1.658, 3.547, 5.049, 0.723, 2.775, 2.316, 5.257, 3.542, 5.386, 7.998, 7.485, 7.073, 5.295, 3.208, 0.192, 7.694],
	 [4.026, 4.302, 5.437, 0.669, 2.887, 5.076, 5.392, 9.678, 6.823, 7.084, 5.04, 7.56, 8.291, 3.211, 0.914, 6.285, 2.687, 0.539, 6.591, 5.471, 8.367, 0.598, 6.558, 2.049, 3.806, 8.141, 2.514, 7.495, 7.532, 1.994, 1.362, 4.661, 8.293, 8.626, 9.977, 2.609, 7.729, 9.157, 9.025, 4.431, 7.315, 4.129, 6.059, 2.824, 9.209, 2.692, 0.273, 6.596, 6.88, 1.275, 5.545, 6.335, 2.964, 8.272, 2.111, 7.845, 7.427, 3.926, 2.421, 7.34, 6.85, 3.068, 9.89, 2.692, 6.661, 5.622, 3.589, 6.203, 0.679, 1.461, 8.627, 5.908, 3.274, 2.538, 9.651, 7.657, 7.942, 0.704, 3.714, 1.095, 6.672, 0.925, 0.761, 3.398, 7.204, 4.784, 7.389, 8.706, 8.847, 8.292, 3.527, 8.431, 3.679, 7.23, 5.37, 5.172, 7.123, 4.749, 5.022, 8.898],
	 [2.494, 9.25, 3.019, 8.534, 8.322, 4.61, 2.218, 4.091, 5.835, 4.141, 9.957, 4.75, 5.73, 4.283, 5.055, 6.018, 3.267, 1.623, 6.487, 8.965, 3.697, 2.527, 6.405, 2.993, 8.866, 8.043, 7.267, 6.716, 5.972, 0.333, 0.305, 6.977, 1.628, 6.737, 6.757, 7.24, 8.103, 4.598, 6.231, 8.629, 7.112, 5.417, 4.898, 0.26, 8.944, 8.562, 8.961, 4.513, 1.924, 2.082, 4.899, 0.064, 7.546, 8.29, 3.972, 2.732, 0.959, 5.697, 0.992, 6.951, 7.487, 0.033, 7.226, 1.839, 6.829, 8.322, 6.157, 3.915, 1.17, 2.145, 3.008, 6.657, 7.434, 9.514, 0.754, 9.991, 4.518, 6.687, 2.658, 8.384, 7.769, 0.418, 4.509, 2.989, 5.095, 0.664, 5.852, 1.368, 7.382, 7.131, 1.477, 1.335, 8.431, 6.334, 9.982, 2.717, 9.473, 3.121, 8.991, 5.958],
	 [9.231, 6.251, 5.772, 1.545, 3.414, 8.155, 5.424, 7.924, 0.452, 0.336, 0.182, 6.446, 4.233, 5.473, 4.757, 6.938, 8.199, 1.567, 2.097, 9.725, 1.416, 8.418, 0.989, 5.751, 5.751, 2.216, 6.315, 9.323, 6.039, 5.53, 8.468, 2.1, 7.693, 6.071, 0.145, 7.041, 8.756, 1.747, 6.479, 9.627, 6.417, 0.97, 4.045, 8.365, 9.941, 4.394, 9.544, 4.097, 5.976, 1.53, 6.113, 1.205, 0.946, 5.529, 0.281, 5.045, 9.982, 7.283, 7.176, 8.034, 0.164, 7.993, 0.422, 6.793, 3.665, 8.407, 1.035, 1.041, 0.477, 5.517, 9.05, 9.285, 3.21, 8.461, 6.518, 7.108, 7.068, 8.419, 2.79, 2.475, 7.781, 6.044, 7.3, 7.047, 0.344, 1.163, 7.091, 9.868, 9.205, 5.16, 5.604, 3.809, 6.112, 6.853, 5.778, 8.316, 0.811, 0.375, 5.477, 3.265],
	 [4.948, 2.17, 7.853, 7.996, 7.844, 6.429, 3.187, 9.537, 2.283, 1.497, 3.12, 9.905, 2.896, 4.638, 9.697, 4.244, 0.972, 3.1, 9.711, 8.159, 7.928, 4.45, 7.35, 8.849, 7.273, 7.997, 7.565, 0.156, 0.289, 1.817, 3.57, 9.37, 2.641, 4.229, 5.785, 5.185, 3.143, 7.424, 2.228, 3.111, 5.164, 8.026, 6.149, 9.496, 5.025, 9.633, 6.717, 3.909, 9.672, 5.988, 1.982, 6.065, 4.854, 9.471, 9.431, 9.306, 5.616, 9.308, 0.506, 6.705, 8.448, 7.94, 3.877, 3.311, 0.389, 6.259, 2.456, 1.804, 8.774, 9.131, 6.243, 7.884, 1.184, 1.743, 7.703, 3.389, 4.784, 4.331, 7.282, 3.083, 1.982, 8.821, 6.33, 3.185, 6.896, 0.127, 1.817, 2.633, 8.143, 5.72, 6.116, 1.863, 7.926, 2.708, 6.034, 2.655, 0.344, 4.574, 1.39, 9.26],
	 [1.712, 4.791, 7.756, 3.69, 5.966, 0.708, 4.192, 4.719, 0.142, 9.426, 6.935, 8.799, 6.748, 3.738, 0.161, 4.074, 1.242, 0.645, 4.32, 0.878, 4.118, 2.337, 3.51, 0.957, 1.027, 2.541, 1.729, 9.966, 2.156, 8.672, 3.275, 7.609, 0.713, 3.883, 3.092, 1.658, 7.02, 6.385, 1.99, 9.442, 9.733, 1.351, 0.916, 4.365, 5.644, 7.314, 4.82, 1.739, 9.97, 9.569, 6.779, 0.066, 3.832, 7.355, 9.646, 5.877, 7.598, 1.934, 5.522, 2.447, 2.137, 5.707, 1.051, 6.343, 5.572, 0.35, 3.253, 8.777, 4.541, 6.48, 3.677, 7.427, 6.142, 2.372, 2.79, 3.242, 4.197, 6.82, 1.232, 3.805, 8.292, 5.586, 2.57, 4.902, 3.027, 5.497, 4.446, 0.148, 7.622, 3.255, 4.9, 0.53, 8.745, 6.919, 8.227, 1.991, 2.565, 3.84, 5.822, 8.102],
	 [8.434, 3.346, 0.98, 3.023, 3.384, 3.971, 7.837, 2.458, 9.721, 7.892, 3.445, 8.845, 4.565, 3.562, 7.617, 0.937, 4.703, 4.645, 0.259, 5.615, 6.002, 5.658, 0.85, 6.897, 2.205, 9.611, 2.282, 0.651, 4.531, 1.634, 1.582, 5.835, 9.014, 8.984, 9.383, 8.969, 6.541, 7.631, 3.22, 0.103, 6.329, 6.883, 2.413, 8.118, 1.599, 1.252, 7.391, 5.915, 7.317, 5.616, 3.638, 3.872, 8.894, 9.781, 9.366, 2.473, 4.684, 3.432, 8.961, 7.295, 5.823, 5.684, 0.815, 5.065, 4.821, 8.589, 7.626, 7.035, 6.869, 6.718, 3.278, 9.827, 1.415, 5.617, 7.179, 3.99, 4.697, 9.268, 2.798, 7.921, 3.281, 5.857, 3.709, 2.361, 0.39, 7.054, 2.676, 3.773, 6.047, 0.248, 2.864, 5.513, 0.558, 7.648, 1.757, 6.892, 3.2, 6.961, 0.965, 9.397],
	 [4.346, 2.497, 6.781, 0.957, 4.551, 5.951, 3.614, 9.455, 2.109, 3.267, 4.222, 5.191, 9.463, 5.639, 8.254, 7.669, 1.07, 4.353, 2.315, 8.564, 1.255, 5.933, 4.984, 0.584, 7.568, 9.094, 1.223, 1.164, 9.679, 0.801, 9.08, 1.449, 0.576, 4.579, 1.77, 6.259, 3.713, 5.201, 3.694, 1.081, 0.686, 5.716, 7.152, 2.949, 5.418, 3.939, 8.744, 4.143, 2.061, 8.661, 8.588, 6.959, 8.384, 3.763, 2.674, 2.29, 0.201, 5.128, 3.715, 3.055, 5.808, 0.916, 4.011, 9.72, 1.703, 5.579, 4.555, 2.749, 4.15, 8.373, 7.243, 7.164, 6.054, 9.371, 1.828, 9.481, 8.845, 8.863, 0.049, 0, 4.957, 9.576, 5.935, 2.348, 1.843, 3.325, 0.106, 6.206, 4.351, 2.44, 3.468, 4.48, 9.931, 4.55, 1.504, 5.68, 5.093, 4.142, 1.466, 1.464],
	 [6.245, 3.807, 3.85, 1.249, 0.654, 1.456, 6.879, 2.671, 4.813, 0.747, 1.808, 7.188, 1.972, 4.301, 4.043, 4.581, 0.464, 7.737, 8.031, 8.3, 2.433, 7.951, 2.247, 4.066, 9.779, 1.472, 7.743, 8.839, 6.772, 7.99, 8.224, 7.956, 3.622, 2.952, 0.079, 4.995, 2.119, 8.276, 9.418, 7.147, 7.792, 7.782, 0.967, 0.946, 7.787, 9.436, 1.06, 9.787, 9.546, 8.755, 9.303, 7.945, 1.935, 2.779, 2.182, 4.363, 2.694, 4.994, 8.77, 2.905, 9.016, 8.95, 0.381, 7.395, 6.933, 7.344, 3.552, 1.844, 1.761, 1.296, 1.28, 3.144, 8.176, 8.797, 6.521, 6.094, 1.14, 0.228, 2.347, 7.447, 8.573, 1.36, 4.503, 4.256, 3.025, 8.701, 6.131, 1.519, 4.753, 6.381, 1.25, 3.754, 9.161, 2.399, 0.243, 5.131, 1.559, 3.714, 1.959, 1.581],
	 [4.534, 7.478, 6.81, 2.513, 3.345, 8.272, 0.965, 9.87, 0.476, 1.392, 1.027, 6.776, 0.83, 1.45, 0.674, 3.551, 9.664, 9.532, 8.989, 9.233, 6.954, 7.704, 2.547, 4.713, 7.877, 4.644, 6.584, 9.261, 9.203, 1.084, 1.448, 9.935, 2.865, 7.57, 8.377, 5.141, 7.977, 5.297, 4.208, 1.347, 8.351, 0.022, 0.681, 3.933, 4.3, 5.734, 1.03, 7.455, 4.053, 1.524, 4.837, 5.892, 0.383, 0.128, 7.338, 9.833, 5.268, 4.644, 5.923, 2.418, 1.369, 9.752, 7.57, 1.108, 7.545, 5.312, 9.367, 8.832, 0.327, 5.331, 1.435, 8.441, 6.281, 5.329, 2.336, 2.214, 2.492, 3.555, 1.156, 0.424, 0.273, 8.389, 7.257, 4.275, 3.914, 4.297, 4.726, 7.18, 1.533, 2.782, 0.271, 3.016, 6.284, 4.881, 5.484, 5.531, 8.356, 3.615, 0.226, 8.723],
	 [3.114, 4.755, 8.31, 3.504, 2.113, 1.056, 1.219, 7.207, 9.061, 3.845, 7.502, 0.49, 4.527, 2.378, 3.682, 4.868, 5.989, 6.17, 7.613, 2.586, 0.634, 2.411, 0.233, 8.882, 9.611, 1.693, 7.866, 9.323, 0.617, 6.827, 5.446, 6.814, 1.23, 0.892, 3.213, 2.959, 4.567, 2.568, 5.625, 5.843, 8.741, 4.284, 9.275, 3.364, 0.604, 4.269, 1.113, 2.158, 6, 2.748, 2.564, 6.759, 7.035, 2.662, 5.989, 2.025, 7.947, 3.999, 6.732, 6.366, 9.49, 7.988, 4.07, 2.558, 9.755, 2.699, 4.444, 4.643, 8.411, 0.962, 8.642, 0.368, 7.63, 5.528, 4.331, 6.94, 2.066, 6.357, 3.918, 0.396, 5.202, 4.199, 1.965, 8.827, 2.376, 1.006, 7.061, 5.113, 1.748, 1.721, 2.929, 6.189, 7.244, 5.349, 7.3, 4.87, 5.827, 8.577, 0.984, 4.266],
	 [3.273, 2.432, 5.814, 9.164, 3.275, 6.323, 5.307, 0.139, 2.587, 9.61, 8.34, 5.606, 6.133, 2.314, 0.282, 7.163, 1.333, 4.26, 4.54, 6.073, 2.11, 1.269, 5.692, 4.832, 2.617, 6.516, 4.996, 1.804, 7.527, 1.873, 4.242, 9.189, 6.618, 9.311, 0.744, 6.754, 4.464, 2.69, 2.957, 6.42, 0.643, 3.375, 8.477, 1.005, 9.191, 3.752, 5.407, 8.042, 0.052, 9.223, 5.152, 0.457, 7.585, 7.45, 1.08, 0.001, 8.229, 8.775, 0.465, 8.179, 0.162, 8.296, 5.923, 2.691, 0.111, 7.924, 4.713, 5.486, 8.494, 7.761, 8.279, 1.371, 7.073, 7.703, 0.719, 4.459, 0.28, 1.568, 9.512, 5.226, 2.168, 3.246, 6.494, 9.602, 9.146, 4.751, 6.689, 1.533, 4.3, 0.827, 9.414, 6.707, 9.452, 4.982, 4.783, 2.529, 5.605, 6.6, 1.026, 3.554],
	 [1.439, 3.069, 7.755, 7.127, 4.378, 6.281, 6.885, 5.722, 2.497, 8.447, 9.725, 1.73, 3.999, 1.082, 2.375, 3.995, 0.476, 2.519, 7.314, 7.508, 9.461, 6.088, 7.103, 3.716, 7.552, 2.59, 2.098, 6.022, 2.062, 8.967, 8.474, 1.649, 1.63, 4.808, 7.591, 4.398, 2.327, 0.4, 5.579, 3.103, 4.755, 4.163, 2.722, 5.337, 3.86, 1.831, 3.444, 9.443, 5.391, 7.276, 4.346, 6.181, 5.496, 5.131, 0.731, 9.603, 8.569, 3.031, 4.941, 9.923, 2.439, 1.994, 7.398, 3.659, 0.668, 0.912, 4.03, 6.004, 8.966, 6.968, 7.879, 6.279, 7.951, 5.464, 5.001, 7.311, 0.506, 0.89, 3.159, 9.635, 2.48, 9.788, 8.2, 1.28, 7.936, 4.805, 4.856, 5.518, 8.935, 0.476, 9.88, 3.245, 0.948, 5.926, 0.794, 5.185, 3.389, 1.874, 1.64, 9.575],
	 [3.834, 0.789, 0.287, 3.365, 8.302, 5.504, 1.171, 1.167, 3.814, 1.356, 2.071, 1.834, 1.678, 6.768, 9.145, 1.08, 9.311, 0.509, 8.353, 6.776, 1.893, 8.179, 4.583, 0.36, 8.107, 9.614, 8.44, 0.72, 2.382, 5.298, 1.919, 7.111, 1.218, 6.766, 0.596, 0.418, 0.401, 7.731, 0.453, 9.005, 0.198, 3.531, 5.703, 7.561, 5.093, 9.644, 6.787, 5.182, 1.264, 9.421, 3.138, 7.044, 3.105, 5.031, 8.645, 7.801, 9.251, 0.745, 3.334, 2.443, 2.625, 7.854, 8.309, 8.219, 1.881, 2.981, 6.703, 7.55, 3.884, 2.663, 5.463, 7.749, 9.528, 9.937, 4.75, 5.009, 4.517, 5.903, 3.92, 9.639, 2.186, 1.034, 9.877, 4.69, 6.913, 6.491, 2.394, 7.296, 1.366, 4.816, 7.467, 9.372, 5.07, 8.288, 9.697, 7.313, 2.865, 5.615, 9.227, 9.374],
	 [4.211, 2.885, 5.403, 7.268, 1.199, 9.027, 8.18, 0.415, 7.018, 2.055, 1.462, 9.241, 1.178, 9.257, 6.656, 2.393, 7.731, 9.653, 0.465, 6.399, 3.123, 1.051, 6.438, 7.458, 6.643, 0.987, 8.874, 8.417, 0.809, 6.276, 0.528, 5.088, 5.563, 0.144, 6.988, 2.794, 9.592, 8.458, 2.333, 9.962, 8.843, 9.231, 9.363, 3.813, 7.529, 8.184, 9.055, 5.664, 4.108, 9.299, 7.679, 1.239, 1.159, 1.742, 2.575, 7.339, 9.628, 8.51, 0.963, 5.977, 2.796, 0.004, 5.381, 6.535, 0.188, 6.989, 9.987, 2.562, 5.152, 5.759, 9.72, 1.168, 5.436, 6.517, 6.498, 3.59, 3.828, 8.963, 1.526, 6.34, 9.816, 9.798, 1.652, 9.54, 1.59, 0.146, 0.907, 2.443, 1.657, 9.172, 5.101, 2.806, 7.554, 8.828, 8.644, 1.637, 2.602, 4.895, 4.006, 7.261],
	 [0.063, 8.888, 1.956, 7.622, 6.721, 9.273, 6.887, 2.996, 3.23, 2.883, 3.003, 4.236, 0.964, 8.179, 3.529, 6.413, 2.767, 8.416, 9.578, 7.384, 2.253, 3.167, 5.777, 3.669, 4.406, 7.55, 1.699, 2.432, 2.842, 8.899, 5.202, 1.166, 5.465, 4.871, 3.397, 3.435, 1.578, 3.336, 5.188, 8.39, 5.609, 7.142, 6.363, 9.964, 2.298, 2.022, 6.454, 6.665, 2.759, 0.273, 6.666, 7.463, 4.888, 7.576, 8.767, 8.971, 7.208, 2.079, 8.999, 6.691, 9.229, 7.514, 7.939, 8.623, 0.583, 4.044, 7.593, 7.646, 4.958, 1.878, 7.369, 9.195, 6.95, 7.173, 1.946, 2.087, 4.095, 9.835, 6.852, 2.056, 7.977, 2.122, 7.777, 2.923, 8.441, 7.855, 0.229, 9.052, 0.577, 2.108, 8.324, 8.917, 2.534, 0.78, 6.821, 6.721, 6.126, 4.835, 0.705, 4.835],
	 [6.099, 2.703, 0.187, 1.28, 5.345, 5.269, 3.171, 3.847, 7.672, 1.125, 2.243, 2.756, 4.29, 3.878, 1.168, 2.229, 7.476, 2.624, 3.581, 5.15, 8.251, 7.385, 4.22, 0.958, 1.684, 9.887, 7.302, 9.38, 8.994, 9.297, 7.406, 5.641, 0.394, 0.411, 1.771, 6.495, 3.466, 9.387, 2.712, 7.498, 2.287, 7.867, 9.697, 6.947, 8.944, 3.438, 6.525, 6.68, 1.159, 3.771, 3.631, 1.384, 0.858, 3.909, 5.597, 5.868, 9.306, 1.042, 9.615, 4.265, 2.024, 1.563, 1.563, 4.864, 7.111, 7.738, 8.791, 4.199, 3.803, 4.799, 4.069, 9.914, 4.618, 0.434, 3.523, 2.492, 0.501, 0.636, 0.633, 2.09, 9.738, 5.271, 7.051, 6.12, 0.698, 2.141, 6.6, 9.807, 8.384, 9.233, 4.802, 9.346, 0.073, 4.761, 1.503, 6.979, 9.233, 3.422, 2.156, 0.326],
	 [1.209, 8.454, 8.309, 0.193, 3.117, 0.058, 7.106, 6.971, 4.325, 3.022, 2.555, 7.803, 2.631, 4.07, 3.605, 3.961, 0.047, 6.649, 2.493, 7.499, 2.195, 0.925, 0.494, 3.17, 2.355, 2.157, 2.427, 1.039, 0.589, 1.99, 1.615, 8.071, 8.77, 7.595, 7.741, 4.414, 5.967, 6.93, 3.761, 9.382, 6.452, 5.561, 4.453, 1.787, 9.234, 2.485, 7.122, 0.57, 4.57, 1.694, 6.066, 7.822, 8.037, 3.251, 0.023, 0.453, 3.157, 6.446, 7.826, 3.863, 7.182, 2.493, 3.622, 3.592, 6.936, 7.147, 7.564, 6.525, 0.708, 4.385, 8.06, 8.092, 0.562, 3.529, 6.128, 7.453, 3.172, 6.401, 9.659, 3.586, 8.247, 9.257, 5.696, 2.068, 9.223, 8.224, 5.709, 2.141, 5.624, 6.736, 1.627, 5.355, 4.904, 1.226, 8.762, 8.46, 2.484, 9.97, 0.601, 5.414],
	 [9.376, 4.731, 7.027, 1.443, 7.356, 5.112, 7.668, 9.2, 6.962, 2.847, 8.75, 8.715, 4.124, 7.415, 2.998, 3.098, 4.835, 6.32, 9.865, 0.661, 7.974, 9.866, 8.883, 0.95, 1.117, 7.099, 5.261, 3.307, 0.275, 6.118, 8.047, 6.595, 7.813, 4.792, 5.547, 4.285, 6.465, 5.398, 8.506, 4.299, 0.576, 4.007, 4.781, 4.853, 2.285, 5.112, 6.07, 4.465, 7.197, 9.234, 8.044, 2.427, 7.276, 4.155, 9.322, 7.055, 8.626, 7.005, 3.661, 3.094, 8.097, 3.235, 2.117, 8.141, 1.402, 5.476, 4.538, 1.605, 5.71, 5.473, 3.476, 6.199, 4.91, 9.823, 1.177, 0.948, 3.464, 7.957, 0.757, 2.469, 5.367, 1.433, 3.858, 6.486, 7.544, 5.3, 4.993, 4.745, 5.989, 3.698, 3.067, 7.56, 8.099, 7.878, 8.867, 5.135, 6.026, 1.109, 5.166, 3.768],
	 [7.122, 4.64, 1.835, 3.133, 3.114, 7.981, 2.586, 1.292, 1.854, 2.437, 4.399, 6.529, 3.358, 1.725, 5.715, 5.276, 3.921, 1.759, 2.64, 8.312, 1.67, 0.524, 2.53, 4.271, 4.007, 3.031, 4.169, 5.21, 2.862, 3.181, 2.483, 2.886, 8.824, 5.221, 9.933, 9.167, 6.103, 7.412, 9.448, 7.256, 2.226, 2.622, 4.51, 3.857, 0.36, 0.339, 4.233, 3.343, 1.555, 9.048, 0.925, 1.557, 5.984, 3.136, 7.402, 9.164, 8.612, 6.409, 5.191, 2.831, 4.244, 4.823, 7.13, 7.301, 1.118, 2.87, 2.87, 8.729, 7.346, 1.81, 7.797, 6.575, 3.711, 9.235, 4.569, 5.667, 0.447, 1.429, 9.85, 0.945, 9.505, 4, 5.22, 0.723, 0.493, 9.328, 1.062, 0.671, 4.742, 9.046, 6.471, 8.106, 6.274, 1.028, 5.452, 8.483, 9.308, 8.037, 3.614, 8.276],
	 [9.356, 0.881, 8.347, 9.599, 2.75, 6.714, 1.415, 2.135, 7.793, 9.354, 7.135, 1.556, 8.642, 5.419, 5.111, 7.765, 1.303, 3.664, 4.693, 5.125, 1.976, 8.715, 2.83, 6.916, 9.6, 1.237, 0.167, 0.376, 7.33, 4.112, 2.368, 5.775, 6.878, 3.534, 7.78, 8.08, 6.856, 2.308, 9.518, 3.265, 3.559, 1.772, 8.631, 0.293, 0.106, 8.948, 1.432, 2.599, 7.855, 6.002, 3.502, 7.647, 1.416, 3.082, 3.165, 2.986, 4.036, 6.157, 9.546, 4.022, 5.006, 7.274, 1.113, 1.106, 9.018, 2.649, 9.2, 1.025, 5.517, 7.867, 5.624, 6.21, 6.522, 1.445, 2.357, 1.255, 6.375, 4.727, 8.205, 8.046, 0.541, 8.818, 7.306, 4.15, 3.688, 1.861, 6.455, 4.7, 7.475, 3.184, 2.431, 1.635, 2.109, 3.592, 9.652, 3.163, 1.609, 2.559, 9.886, 9.673],
	 [4.85, 3.898, 9.49, 5.615, 2.918, 8.628, 9.92, 7.206, 1.485, 9.162, 0.45, 1.708, 0.85, 8.528, 4.007, 5.001, 6.076, 2.171, 8.662, 6.942, 0.257, 8.033, 8.011, 9.359, 6.023, 2.902, 7.854, 3.457, 6.348, 5.701, 8.032, 3.95, 2.607, 1.446, 7.082, 7.107, 3.869, 6.476, 2.596, 8.826, 2.671, 5.117, 9.581, 2.074, 9.356, 1.875, 7.272, 9.224, 6.093, 1.684, 6.701, 9.968, 4.965, 8.571, 1.192, 5.481, 1.195, 3.522, 9.392, 6.69, 8.353, 3.21, 0.204, 6.241, 6.03, 7.244, 9.84, 2.254, 9.677, 5.833, 3.162, 5.272, 6.605, 8.845, 5.664, 4.352, 1.09, 1.307, 1.693, 1.138, 8.096, 3.723, 8.43, 5.908, 8.397, 7.597, 4.247, 4.163, 9.929, 2.223, 3.283, 8.115, 1.039, 4.079, 2.929, 4.632, 6.972, 9.263, 4.129, 1.087],
	 [9.784, 0.798, 5.682, 6.993, 2.652, 0.49, 7.046, 4.299, 0.543, 5.409, 7.442, 4.855, 9.818, 2.346, 5.022, 0.058, 3.903, 2.048, 4.636, 2.483, 0.596, 6.359, 6.169, 2.342, 9.959, 7.927, 8.132, 7.813, 9.474, 6.095, 2.576, 9.225, 8.764, 2.243, 2.342, 1.843, 9.364, 6.515, 7.54, 5.648, 7.841, 6.417, 4.434, 0.172, 7.243, 5.688, 6.689, 2.629, 4.057, 0.477, 4.841, 4.97, 1.269, 5.197, 0.511, 0.13, 7.224, 5.233, 9.474, 0.788, 0.28, 2.627, 9.597, 2.682, 3.612, 7.911, 0.302, 9.199, 5.319, 5.046, 7.459, 7.805, 5.28, 0.957, 2.921, 9.042, 3.984, 9.333, 3.539, 0.471, 6.009, 6.112, 4.356, 7.965, 0.583, 2.63, 2.549, 2.098, 0.475, 2.555, 9.598, 2.912, 4.649, 4.929, 4.237, 4.44, 4.848, 6.819, 4.356, 8.769],
	 [5.343, 7.16, 3.885, 0.279, 4.469, 8.154, 9.154, 3.067, 1.447, 0.102, 6.989, 7.854, 2.503, 4.947, 3.079, 4.782, 6.567, 1.351, 0.312, 8.769, 0.129, 2.327, 5.234, 1.868, 2.184, 4.005, 2.971, 0.852, 6.624, 9.491, 9.727, 4.555, 1.224, 4.319, 5.58, 4.698, 8.207, 7.526, 9.255, 2.019, 0.357, 4.113, 1.088, 9.382, 9.781, 9.097, 8.985, 3.629, 4.532, 9.128, 6.615, 3.787, 7.413, 2.084, 6.983, 1.521, 7.435, 3.958, 0.852, 9.41, 2.889, 4.656, 1.141, 2.834, 3.836, 7.755, 4.792, 4.277, 4.136, 8.789, 0.753, 1.297, 7.272, 3.022, 2.826, 7.063, 8.211, 0.551, 5.62, 9.899, 2.974, 0.676, 0.008, 4.305, 0.06, 6.809, 6.012, 7.585, 0.715, 7.502, 1.537, 2.275, 5.17, 5.088, 1.667, 6.151, 1.802, 0.337, 4.684, 9.641],
	 [0.34, 8.822, 1.44, 8.768, 9.667, 8.764, 4.136, 0.71, 3.848, 5.974, 6.354, 6.647, 4.354, 3.564, 6.998, 9.201, 5.765, 5.426, 9.199, 0.679, 4.9, 8.128, 8.483, 3.952, 8.244, 9.542, 1.756, 5.411, 3.196, 3.733, 1.441, 7.317, 4.994, 0.418, 4.519, 5.87, 7.224, 7.137, 4.334, 2.003, 1.089, 5.65, 9.62, 9.056, 2.936, 2.318, 5.737, 7.415, 5.389, 6.289, 9.27, 5.994, 8.117, 4.331, 5.873, 2.223, 0.922, 6.906, 2.174, 2.616, 2.331, 5.438, 3.691, 9.358, 0.054, 6.552, 1.267, 1.717, 8.997, 6.178, 8.726, 7.544, 6.451, 8.152, 2.09, 4.609, 9.081, 5.453, 8.281, 6.863, 8.893, 0.685, 0.528, 2.16, 3.769, 0.451, 0.499, 9.429, 7.986, 3.674, 1.106, 5.341, 5.303, 1.498, 8.795, 4.894, 0.121, 7.211, 0.113, 6.269],
	 [8.112, 4.91, 3.971, 7.385, 3.15, 6.776, 1.89, 4.872, 6.08, 5.591, 4.518, 0.591, 7.457, 5.564, 7.378, 3.971, 7.152, 3.033, 6.262, 0.77, 2.872, 4.833, 2.548, 2.021, 3.736, 4.908, 5.852, 6.56, 9.058, 6.846, 6.49, 7.226, 5.23, 5.132, 7.562, 2.002, 2.426, 0.118, 9.17, 0.953, 8.135, 0.777, 2.192, 9.619, 0.02, 5.817, 4.546, 7.641, 1.415, 6.481, 2.502, 8.739, 1.363, 0.8, 9.667, 3.226, 6.514, 0.877, 2.533, 4.147, 2.86, 6.678, 6.651, 3.316, 0.755, 5.504, 2.895, 5.713, 6.344, 5.142, 8.306, 1.865, 6.144, 7.53, 5.496, 0.851, 2.703, 8.594, 9.786, 2.134, 5.714, 3.395, 5.172, 4.717, 7.76, 0.122, 5.918, 3.774, 4.424, 2.257, 9.353, 2.314, 4.674, 8.978, 9.775, 3.122, 9.655, 6.611, 6.249, 1.997],
	 [8.465, 9.754, 8.783, 2.768, 5.41, 7.878, 1.58, 6.031, 6.503, 0.718, 4.932, 8.843, 3.661, 0.407, 3.893, 1.483, 8.978, 5.204, 7.804, 2.887, 8.673, 5.456, 8.532, 3.709, 0.546, 5.614, 3.979, 7.4, 3.189, 2.383, 4.239, 6.444, 8.345, 7.773, 8.848, 5.138, 8.128, 1.713, 7.27, 1.722, 0.47, 7.715, 7.201, 8.308, 5.34, 6.837, 1.617, 9.992, 7.952, 6.892, 9.73, 6.475, 9.028, 7.276, 1.823, 9.263, 3.549, 9.323, 2.959, 9.822, 0.441, 2.419, 2.497, 1.351, 4.164, 8.596, 1.887, 5.541, 6.719, 6.606, 9.521, 8.115, 0.737, 8.914, 3.315, 2.146, 8.678, 5.917, 2.373, 3.673, 2.401, 4.564, 7.736, 3.772, 5.951, 6.752, 7.035, 2.934, 5.676, 8.099, 0.546, 7.836, 2.379, 8.333, 6.501, 1.639, 8.668, 2.542, 1.777, 2.47],
	 [0.038, 9.469, 3.375, 5.22, 3.636, 1.903, 9.643, 0.727, 5.897, 4.729, 8.824, 7.279, 2.868, 7.572, 4.305, 2.415, 3.398, 6.394, 4.805, 6.363, 5.091, 1.86, 1.428, 5.701, 9.447, 4.901, 8.349, 6.429, 9.487, 3.51, 3.263, 0.485, 4.591, 1.384, 8.88, 2.631, 4.833, 9.641, 7.676, 2.742, 8.78, 1.769, 7.375, 6.064, 6.105, 8.312, 2.96, 7.802, 0.397, 2.67, 8.881, 4.803, 0.313, 1.919, 2.829, 7.328, 0.456, 8.583, 1.399, 7.369, 0.052, 9.501, 7.695, 4.762, 5.225, 2.006, 1.879, 3.591, 2.873, 3.934, 5.747, 5.95, 4.661, 4.531, 3.002, 9.515, 3.014, 0.425, 7.795, 8.399, 8.895, 0.064, 0.704, 3.227, 2.666, 4.045, 9.579, 2.066, 9.159, 7.719, 4.82, 1.442, 8.926, 1.607, 7.684, 4.475, 9.965, 0.238, 6.923, 5.952],
	 [5.353, 7.328, 3.915, 3.809, 2.655, 0.941, 1.484, 1.308, 7.668, 5.719, 9.316, 3.168, 7.428, 5.399, 8.216, 2.204, 5.101, 7.645, 3.257, 9.156, 1.077, 2.841, 6.084, 0.807, 5.033, 2.258, 9.287, 1.04, 9.448, 4.18, 4.65, 2.34, 5.347, 5.16, 1.534, 5.211, 4.668, 4.71, 8.777, 0.236, 4.392, 3.406, 9.057, 4.193, 5.419, 8.153, 0.396, 3.354, 6.43, 1.317, 4.1, 5.341, 6.803, 7.707, 0.738, 6.51, 9.332, 7.94, 5.291, 0.738, 9.379, 2.544, 2.884, 5.748, 5.675, 3.986, 4.095, 5.098, 5.714, 0.739, 2.705, 0.792, 2.497, 9.648, 9.428, 3.61, 3.847, 0.933, 0.359, 1.836, 9.69, 6.647, 6.831, 7.94, 1.799, 8.962, 8.916, 2.606, 7.958, 1.664, 0.513, 8.638, 5.433, 3.041, 9.192, 4.675, 3.96, 5.724, 0.602, 4.692],
	 [0.084, 0.502, 7.7, 9.276, 5.592, 0.189, 2.873, 1.74, 0.967, 9.055, 3.722, 0.5, 9.699, 5.968, 6.925, 5.118, 5.363, 8.853, 7.979, 7.388, 9.961, 5.864, 9.798, 3.615, 6.161, 8.638, 3.453, 4.805, 6.549, 4.938, 3.718, 2.932, 1.465, 6.686, 4.314, 6.942, 8.262, 3.771, 2.313, 4.212, 8.241, 9.667, 7.486, 2.32, 6.743, 0.785, 7.613, 5.943, 5.71, 6.21, 7.788, 7.543, 7.431, 5.717, 5.845, 4.947, 6.816, 5.352, 2.709, 1.763, 1.181, 2.719, 3.891, 9.48, 9.446, 0.779, 6.963, 1.47, 4.417, 5.332, 7.38, 8.357, 4.838, 3.968, 7.206, 4.094, 7.341, 3.311, 0.205, 1.137, 8.847, 6.279, 9.705, 1.181, 7.847, 7.985, 3.447, 4.194, 0.596, 0.947, 9.45, 4.916, 0.879, 5.736, 6.478, 4.027, 5.695, 7.17, 8.452, 0.802],
	 [9.996, 6.505, 8.729, 2.059, 4.972, 2.769, 7.521, 6.662, 3.511, 7.862, 0.982, 3.589, 1.435, 8.444, 5.015, 5.735, 9.368, 2.709, 1.008, 6.233, 2.577, 0.912, 5.265, 3.892, 5.792, 1.133, 8.164, 7.038, 7.518, 8.366, 2.853, 8.367, 1.27, 8.995, 2.325, 4.605, 0.015, 3.036, 8.647, 7.099, 6.843, 3.981, 3.118, 4.883, 2.967, 6.804, 2.141, 6.167, 7.19, 6.76, 3.967, 3.03, 4.739, 1.277, 8.167, 1.347, 9.686, 6.533, 3.68, 0.47, 8.105, 0.499, 5.552, 6.547, 0.276, 7.503, 7.424, 1.458, 4.36, 6.959, 1.312, 9.956, 8.343, 7.375, 0.401, 4.187, 1.678, 1.53, 3.5, 9.132, 2.872, 3.941, 8.115, 5.122, 7.116, 2.667, 2.227, 5.555, 2.856, 8.529, 4.329, 3.604, 5.612, 4.643, 5.993, 8.341, 1.619, 7.017, 4.664, 0.536],
	 [9.484, 1.752, 6.685, 9.848, 8.682, 9.064, 4.079, 6.576, 6.09, 1.78, 6.392, 3.54, 4.676, 1.658, 0.11, 6.585, 5.935, 2.722, 1.89, 9.105, 8.454, 2.391, 7.53, 4.29, 7.302, 5.748, 6.795, 3.353, 1.169, 4.746, 2.863, 8.399, 1.841, 0.926, 3.874, 7.005, 5.872, 4.331, 0.631, 4.093, 7.284, 6.875, 8.585, 4.617, 2.134, 7.239, 5.283, 8.083, 2.387, 1.933, 2.429, 2.07, 0.169, 8.55, 9.293, 6.282, 7.836, 0.678, 2.239, 7.591, 3.19, 2.752, 5.033, 5.5, 4.666, 1.569, 1.749, 3.147, 0.585, 1.96, 8.795, 4.649, 9.152, 3.593, 1.403, 7.476, 4.874, 6.356, 2.19, 5.942, 0.995, 0.962, 0.255, 4.144, 1.289, 6.926, 2.908, 1.184, 8.448, 2.924, 1.503, 4.916, 7.847, 8.287, 9.012, 6.91, 8.714, 2.471, 8.252, 0.663],
	 [7.724, 5.842, 6.236, 9.104, 9.497, 1.233, 9.939, 2.054, 2.36, 6.562, 6, 3.254, 8.554, 8.536, 1.511, 9.955, 9.685, 7.288, 1.644, 6.646, 2.343, 8.313, 1.789, 9.317, 7.031, 1.9, 7.864, 0.193, 1.369, 4.513, 0.54, 2.588, 7.889, 1.197, 0.52, 6.781, 9.597, 8.763, 1.189, 9.029, 9.591, 7.099, 6.301, 4.05, 9.431, 7.351, 5.599, 4.279, 8.056, 3.792, 6.163, 5.479, 8.953, 9.726, 2.748, 4.099, 9.763, 4.236, 3.203, 5.607, 1.201, 2.581, 0.523, 1.967, 9.345, 8.305, 3.922, 8.826, 6.088, 8.559, 8.217, 9.207, 8.692, 8.757, 1.098, 6.451, 9.052, 6.819, 8.666, 1.848, 9.881, 5.814, 4.106, 5.561, 2.983, 5.923, 0.782, 3.429, 3.859, 5.299, 7.513, 4.515, 4.744, 5.927, 6.026, 2.413, 9.889, 4.199, 5.425, 0.226],
	 [9.63, 8.414, 6.701, 0.258, 0.894, 2.091, 0.638, 4.205, 3.836, 5.174, 9.154, 0.445, 9.846, 6.777, 1.616, 1.346, 6.532, 3.6, 2.009, 7.056, 9.043, 5.551, 3.774, 4.242, 4.934, 6.951, 6.59, 4.289, 9.381, 6.354, 6.091, 0.578, 0.51, 9.271, 1.22, 4.58, 5.894, 9.289, 6.082, 4.047, 4.351, 1.655, 4.104, 4.268, 3.125, 1.036, 6.471, 4.742, 8.073, 6.494, 9.254, 4.209, 3.982, 4.216, 5.016, 4.399, 2.63, 1.226, 9.714, 4.94, 8.788, 3.266, 5.32, 2.435, 7.247, 6.136, 5.09, 5.635, 5.494, 5.372, 1.867, 7.49, 6.877, 1.728, 2.427, 3.741, 7.882, 0.835, 0.334, 8.627, 4.972, 4.27, 7.358, 9.183, 8.872, 9.706, 1.556, 4.677, 2.042, 5.201, 2.806, 2.828, 7.238, 9.197, 9.009, 5.452, 5.913, 5.265, 8.564, 2.227],
	 [2.11, 2.337, 9.285, 3.043, 2, 9.126, 8.156, 9.109, 2.662, 7.367, 1.603, 7.643, 8.778, 2.859, 6.577, 8.487, 4.814, 1.199, 7.8, 9.876, 5.742, 2.133, 6.739, 5.737, 9.141, 3.94, 3.598, 5.652, 9.241, 3.187, 1.872, 2.863, 2.726, 6.107, 3.534, 4.043, 6.927, 7.797, 7.23, 0.717, 8.313, 5.876, 4.368, 1.369, 4.598, 4.305, 5.96, 3.868, 8.822, 7.862, 7.585, 3.094, 8.86, 1.928, 2.614, 1.875, 3.548, 7.376, 6.643, 1.86, 8.842, 9.827, 3.938, 6.378, 0.91, 9.192, 4.44, 6.205, 6.636, 1.052, 6.971, 3.303, 2.944, 7.295, 8.563, 2.499, 6.513, 0.097, 3.254, 3.336, 8.202, 5.909, 5.113, 4.246, 9.771, 6.279, 7.208, 6.234, 4.232, 6.289, 7.207, 4.386, 3.033, 0.385, 1.894, 5.341, 0.432, 1.034, 9.103, 5.464]];

//Enflasyon oran %2 olarak alnarak aadaki maliyet bileenleri hesaplanmtr.
 
 p=[[3247, 9742],
 	[3312, 9937],
 	[3378, 10135]];
 	
 f=[6018, 6139, 6261];

 s=[162, 166, 169];
 
 v=[6224, 6348, 6475];
 
 a=[97, 99, 101];
    
 g=[1,
 	0,
 	0,
 	0,
 	0,
 	0,
 	0,
 	0,
 	0,
 	0,
 	0,
 	0,
 	0,
 	0,
 	0,
 	0,
 	0,
 	0,
 	0,
 	0,
 	0,
 	0,
 	0,
 	0,
 	0,
 	0,
 	0,
 	0,
 	0,
 	0,
 	0,
 	0,
 	0,
    0,
    0,
    0,
    0,
    0,
    0,
 	0,
 	0,
 	0,
 	0,
 	0,
 	0,
 	0,
 	0,
 	0,
 	0,
 	0,
 	0,
 	0,
 	0,
 	0,
 	0,
 	0,
 	0,
 	0,
 	0,
    0,
 	0,
 	0,
 	0,
 	0,
 	0,
 	0,
 	0,
 	0,
 	0,
 	0,
 	0,
 	0,
 	0,
 	0,
 	0,
 	0,
 	0,
 	0,
 	0,
 	0,
 	0,
 	0,
 	0,
 	0,
 	0,
 	0,
 	0,
 	0,
 	0,
 	0,
 	0,
 	0,
 	0,
 	0,
 	0,
 	0,
 	0,
 	1,
 	1,
 	1];
 	    
 e=[[1,0],
 	[0,0],
 	[0,0],
 	[0,0],
 	[0,0],
 	[0,0],
 	[0,0],
 	[0,0],
 	[0,0],
 	[0,0],
    [0,0],
 	[0,0],
 	[0,0],
 	[0,0],
    [0,0],
    [0,0],
    [0,0],
    [0,0],
    [0,0],
    [0,0],
    [0,0],
    [0,0],
    [0,0],
    [0,0],
    [0,0],
    [0,0],
    [0,0],
    [0,0],
    [0,0],
    [0,0],
    [0,0],
    [0,0],
    [0,0],
    [0,0],
	[0,0],
	[0,0],
	[0,0],
	[0,0],
	[0,0],
	[0,0],
	[0,0],
    [0,0],
	[0,0],
	[0,0],
	[0,0],
    [0,0],
	[0,0],
	[0,0],
	[0,0],
	[0,0],
	[0,0],
	[0,0],
	[0,0],
	[0,0],
	[0,0],
	[0,0],
	[0,0],
	[0,0],
    [0,0],
	[0,0],
	[0,0],
	[0,0],
	[0,0],
    [0,0],
    [0,0],
	[0,0],
	[0,0],
	[0,0],
	[0,0],
	[0,0],
	[0,0],
	[0,0],
	[0,0],
	[0,0],
	[0,0],
	[0,0],
	[0,0],
	[0,0],
	[0,0],
	[0,0],
	[0,0],
    [0,0],
	[0,0],
	[0,0],
	[0,0],
	[0,0],
	[0,0],
	[0,0],
	[0,0],
	[0,0],
	[0,0],
	[0,0],
	[0,0],
	[0,0],
	[0,0],
	[0,0],
	[0,0],
	[1,0],
	[1,0],
	[1,0]];